25687 33021 33022 33023 33024 33025 33026 33027 33028 33029 33030 - 6 0 0.00280899 0
25687 30941 33019 33020 33021 33022 33023 33024 33025 33026 - 6 0 0.00280899 0
25687 33021 33022 33023 33024 33026 33027 33028 33029 33030 - 6 0 0.00280899 0
33022 33023 33024 33026 33027 33028 33029 33030 - 6 0 0.00280899 0
8627 8628 8629 8630 8631 8632 -1 -1 -1 -1 -1 8633 2419 8625 - 6 0 0.00280899 0
8627 8628 8629 8630 8631 8632 -1 -1 -1 -1 -1 8633 8625 - 6 0 0.00280899 0
6781 14674 23611 -1 23612 -1 23613 -1 23614 -1 23615 -1 23616 - 6 0 0.00280899 0
8627 8629 8630 8631 -1 -1 -1 8633 2419 8625 - 6 0 0.00280899 0
6781 14674 23610 -1 23613 -1 23614 -1 23615 -1 23616 - 6 0 0.00280899 0
1086 3904 11789 -1 19758 25687 30940 -1 -1 -1 19759 - 6 0 0.00280899 0
1086 3904 19758 25687 33007 -1 -1 -1 19759 - 6 0 0.00280899 0
1086 11789 -1 19758 - 8 0 0.00374532 0
